34618140544
34636719570
34618149968
34608894850
34618142124
34618128684
34608886234
34636708817
34618127277
34608888192
34636707107
34608895525
34608892589
34636717025
34618147259
34636727678
34618136613
34636715828
34608878892
34636715354
34618146660
34618127471
34636709468
34636707921
34636727791
34636714959
34618128190
34618153490
34618150019
34618148183
34608892247
34636728379
34608903783
34636716868
34636728803
34618144376
34608888075
34636720466
34608888284
34618152787
34618140089
34618153747
34636711540
34608886542
34618153164
34636715414
34618145723
34636730377
34608889927
34618134269
34608897301
34608893178
34608895981
34608875163
34618148978
34608903422
34618139907
34608892994
34636714045
34608899891
34608881936
34618143804
34608901863
34636729509
34608898918
34618149442
34636729939
34608877923
34608894717
34618132707
34608892839
34636706137
34618152538
34618154479
34608876434
34618137044
34618139798
34608894039
34618133086
34618144747
34608883430
34636724158
34608898501
34636727530
34618146989
34636718691
34636725499
34608882694
34618142527
34636712631
34636718953
34636723885
34608902128
34636719393
34636720400
34618149343
34636720956
34636731996
34636725492
34608888887
34608897226
34618131154
34618151632
34636729006
34608901085
34636712324
34608896237
34618129241
34618147551
34608898475
34618142226
34608902888
34608895418
34636730805
34608899383
34636703021
34608894339
34608882544
34636730469
34636731675
34608895338
34618148812
34608892388
34636728395
34618141565
34608880113
34636729680
34636702554
34618146338
34618134597
34636703962
34636727852
34618136138
34608887383
34618156269
34618142747
34618129924
34636720908
34636718590
34608884626
34618148530
34636713007
34618142481
34608884465
34618135993
34636724625
34618153179
34608891208
34618137990
34618140614
34618135839
34636706106
34636724767
34636705888
34618155877
34608878890
34636720023
34636705754
34636715570
34636716094
34618149617
34618134103
34636718407
34636705597
34608893762
34618142593
34636729521
34636716633
34618145081
34618146894
34608878226
34618128558
34636716216
34636719981
34636726607
34618136195
34618155899
34636713831
34618127338
34618139590
34618136403
34636728256
34636703024
34636714290
34618131821
34618155094
34636703176
34618137118
34618149269
34618137449
34618148072
34636727327
34636720027
34636726120
34618133986
34618140282
34618135427
34636726029
34636724979
34636725571
34636717986
34618138258
34636722152
34608884807
34608899595
34618135164
34636704813
34636715929
34618152666
34618148005
34608893882
34618153943
34608891735
34608901921
34636705491
34618150225
34608895455
34618155511
34636721913
34636717733
34618150798
34618135478
34608890063
34636732070
34608896509
34636714079
34618149118
34618142033
34618154925
34618138607
34636709432
34618156546
34608885802
34618134062
34618140099
34608892202
34636710059
34618140694
34618144742
34636703066
34608876757
34618134984
34608903146
34608897292
34618143255
34636720019
34618136668
34636731406
34608877928
34618143267
34618148916
34636732133
34636728998
34618155031
34636714942
34636716414
34608886363
34618137735
34636720948
34608891577
34608880759
34636728631
34636727056
34618150228
34608881752
34608899297
34636723019
34608901199
34636730380
34636713624
34618130875
34618134765
34636708424
34618148200
34636728883
34636704629
34636705164
34618130116
34636705333
34608896355
34618136514
34608897580
34618139936
34636718517
34608884628
34608894833
34636722620
34618151279
34608881399
34618131689
34636724508
34636726010
34618135815
34608898571
34618151765
34608897533
34608887950
34636729985
34608904575
34608879930
34636722451
34618139065
34636713789
34636725778
34608884612
34608876931
34618137506
34608895669
34608891555
34618142363
34608885264
34636715470
34608880716
34608882299
34608880771
34636706171
34636729130
34608879884
34608894999
34618128415
34618144889
34618130992
34618135198
34608899843
34636723618
34608897694
34618148836
34636730407
34618146584
34618147780
34618142698
34636703418
34636724022
34636730421
34636705121
34636723316
34636728107
34636715530
34618148202
34636717534
34636713946
34636717346
34608890490
34608888745
34618134485
34608887422
34636707810
34636725025
34636709533
34618143031
34636721854
34636731376
34608890843
34618131515
34618148819
34618151325
34608881618
34608901018
34618142191
34608882184
34608876292
34618135947
34608890992
34618135256
34608889071
34618140411
34636711707
34618127915
34618130436
34636729007
34608875638
34636725574
34636712993
34618151137
34618129687
34618134480
34608880986
34618153035
34636711272
34608893746
34618146705
34608902419
34636730521
34608881991
34618139791
34618139808
34618139202
34608897983
34636726050
34636721254
34618137598
34636721899
34636714063
34608899563
34608892053
34636716348
34608894712
34618136015
34636723386
34636705865
34636707276
34636719600
34618142456
34618143828
34636720037
34618146320
34608893354
34618128262
34618130454
34608888851
34636705128
34618156683
34636709177
34618129997
34608882156
34618148725
34636716920
34608882525
34618135757
34608901504
34608897907
34636719879
34618138081
34618151877
34618130011
34608889484
34636731308
34608891497
34618136932
34608901923
34618152858
34608892893
34636719903
34618148838
34618153918
34636729632
34608898618
34608892749
34608893840
34608890087
34636715745
34608877505
34636716703
34608888050
34618141764
34608894789
34618126774
34618132492
34636716525
34608887347
34608901849
34618132026
34608891602
34636732090
34608895843
34636715310
34608884771
34636724823
34618133196
34618133916
34608896794
34618132191
34618148221
34608903731
34608898844
34608877459
34608899148
34618136413
34618128449
34636720121
34618137365
34636729152
34618145721
34608899363
34618130090
34608899647
34608901260
34618128834
34636702544
34618155017
34608902446
34636707153
34608894260
34618135562
34636722969
34618130558
34636724570
34636720812
34608895563
34608886668
34608893600
34608888986
34608895733
34618131692
34618145160
34618149601
34608875751
34618140257
34636707783
34636723255
34618140909
34636718917
34636705568
34636723964
34608887219
34636730621
34618146396
34636724863
34618130921
34608899514
34636729466
34636731171
34636723828
34618147826
34608900683
34618149027
34608883418
34636728477
34618130778
34608887792
34608884657
34636720537
34636731726
34608894964
34636703271
34608903183
34608895201
34636705561
34618135890
34608900532
34608892547
34636726576
34636705690
34608895152
34618128592
34608892948
34608878273
34618135707
34618131472
34618133921
34636719302
34608898608
34618150021
34608901660
34636731930
34618139894
34636703762
34608882608
34636719925
34608876551
34618136697
34636716942
34636727487
34636707386
34618126800
34608884264
34636719710
34608901558
34618128381
34636721684
34618142156
34618150382
34618132362
34608880081
34636716950
34608902780
34636722553
34618128697
34636720300
34636719928
34608882421
34618152097
34636722059
34636717228
34618135001
34636713828
34636729996
34618130065
34618143420
34636714348
34608875422
34636712715
34636703767
34636723003
34636726936
34618131779
34618151597
34636714455
34608890578
34608898716
34608884763
34608888230
34636730464
34636717704
34618139177
34618154120
34636721134
34636725517
34636728910
34608881594
34636729254
34608881290
34608880898
34636702711
34608904242
34608887904
34636707493
34608893208
34608899935
34608882131
34608881579
34608894359
34608900259
34618139534
34608882040
34618144827
34636730800
34636706920
34618149148
34636723869
34636702824
34608899760
34618153190
34636711480
34608892937
34618129958
34636727498
34636719701
34618132139
34636719970
34618147077
34608895308
34618137586
34618140109
34636718100
34618138815
34636729147
34608887986
34636712523
34636717524
34636720283
34618141053
34618153026
34608890046
34636707986
34618131178
34608892821
34608884874
34608901469
34636722513
34618149957
34608878519
34618145388
34608888336
34636723710
34608889112
34618143940
34618142004
34618149192
34618145548
34608901245
34636732113
34608895075
34636727891
34636731752
34636721497
34636705774
34636725058
34608876396
34618133818
34636711914
34618139425
34608883643
34636713990
34618150042
34608890335
34608901613
34618150173
34636702885
34636715240
34618133694
34636720098
34618139029
34608903300
34636728334
34618129755
34618141185
34636702264
34608895480
34618147022
34608880543
34608886763
34636714035
34618149350
34608890404
34636727775
34636722182
34608879354
34608900201
34636706994
34608878911
34618154937
34618152982
34636730239
34608892657
34636720122
34636725761
34608879093
34608899562
34636715672
34608875626
34636704444
34608894800
34618136189
34636710510
34636728189
34608899849
34608887356
34618141664
34618133784
34636728062
34608885424
34636702767
34618149413
34608893817
34618155693
34608896713
34618151333
34608898170
34618130634
34618129760
34608899468
34618134069
34618134885
34636705728
34618147688
34618146117
34608894694
34618131096
34608901576
34636725329
34636726416
34636721185
34636720248
34618153094
34618154243
34636704766
34618129642
34636702385
34636703407
34608894406
34618142335
34636727205
34636722802
34608885617
34618128084
34608901269
34636723863
34608904830
34608895978
34608903424
34608894354
34636728174
34608876413
34636718927
34608890897
34608878743
34608875425
34636727228
34636720169
34608899593
34636708674
34618135805
34618139619
34608899209
34618137858
34636718016
34636729834
34636718702
34608875192
34636724153
34608885960
34618156007
34636716909
34636728931
34636720618
34608887212
34636711257
34618132044
34636721052
34618145703
34636705111
34618147447
34608881539
34618128312
34636729444
34608884948
34608898172
34608882080
34608898530
34636720070
34636703603
34608895567
34608884545
34618147982
34636730811
34636726722
34618127219
34636729768
34618153276
34608898074
34618153020
34618143330
34608890218
34618147662
34608893559
34608891305
34636702532
34636707606
34618129034
34636713942
34636704507
34618147302
34608880916
34618130048
34636721251
34618145191
34636716350
34608902101
34608891227
34608892242
34636726685
34618126988
34618127778
34608894840
34608882262
34636716261
34618156684
34636716569
34618130924
34618143388
34618156020
34618137025
34608899422
34608889713
34636728252
34608895307
34608882803
34618151689
34636731478
34618141651
34618141031
34618133151
34636703051
34618147597
34618140932
34636710724
34618145661
34618144308
34636722535
34618151613
34618147988
34636728301
34636705430
34636703319
34608881596
34608886787
34608889915
34636722628
34608901072
34636702527
34608894665
34608897606
34636724411
34636730921
34608886958
34618136294
34608880392
34608896087
34608897848
34636715589
34618150244
34608901298
34608886904
34636713314
34636731952
34608882688
34608896261
34608901954
34618128038
34608879046
34636722608
34636724671
34636731573
34608889277
34618155442
34608880622
34618150550
34618130260
34636707122
34608896877
34618156441
34608900701
34618126770
34608887314
34608887006
34636713656
34608900046
34608896507
34608886009
34618142985
34636721775
34608885947
34608878200
34618145166
34608897538
34618150964
34636723002
34618140001
34618140695
34636727910
34608900811
34636727991
34608896736
34636728412
34636720828
34636718675
34618154050
34636710471
34618137297
34618151096
34636727077
34636715333
34618128094
34618128218
34608879823
34636717076
34608883894
34608877455
34618146421
34618136366
34618140726
34608880275
34608893895
34608885970
34636724874
34618135333
34608891510
34608898075
34636727899
34618148354
34608880686
34618130050
34618152080
34608876249
34618153248
34608878823
34618148899
34636715860
34608885155
34636724268
34608894347
34618127431
34618152518
34636726692
34636706025
34618149982
34618156516
34636721252
34608904783
34618129975
34618142807
34636728698
34608887638
34608876679
34608900197
34636706201
34636715445
34608883883
34636729575
34618134913
34618154406
34608895065
34618154673
34608888213
34608903148
34608896438
34608892618
34636705022
34636726548
34636710174
34618126858
34618130060
34608886310
34636727325
34608876552
34608899428
34618141136
34636722677
34618146988
34636723172
34608893233
34608895453
34608895820
34608875513
34608894083
34608902525
34608893509
34618155408
34618148587
34608904024
34608878121
34618133616
34618155879
34636722243
34636707074
34636722635
34608892058
34608894921
34636722760
34618129983
34618130470
34618135586
34636718006
34636728930
34608878013
34636711097
34636725293
34636725081
34618144843
34618140037
34618136919
34618139421
34618146554
34618152277
34608901878
34608904228
34618141251
34636714273
34636729873
34608897545
34608894959
34608882912
34608901826
34618151319
34618150268
34618140691
34636717341
34618131293
34636723889
34636714098
34636730619
34636730238
34608895296
34618154521
34608897089
34618133716
34636714899
34608877896
34608898804
34608884547
34608890801
34618145624
34636725498
34618133742
34608896322
34636726505
34608891130
34636727752
34636721635
34636718013
34608880682
34618133247
34618149077
34636714108
34608879100
34608902392
34608893879
34618144876
34608903666
34608889630
34618149934
34636724713
34608894031
34618154813
34608896495
34636707300
34618142941
34636725212
34608894167
34636727929
34608901463
34618129097
34608879235
34636704298
34608890242
34618138657
34636720631
34618137187
34618140959
34608902671
34636706775
34636708968
34618134830
34618136275
34618126863
34636705281
34636703736
34608878715
34608888209
34608897291
34608905068
34636710900
34636726253
34618128059
34608882483
34618154986
34608886200
34636721299
34608889962
34608899511
34608883630
34618148499
34618136794
34618151661
34608893527
34608886459
34618129568
34618154756
34608884728
34618126871
34618130186
34618151040
34608878089
34618144877
34608895154
34608892382
34618144393
34636717707
34608904255
34636708895
34608875206
34636721686
34608894559
34608899169
34618141673
34636707865
34608892282
34608884858
34618127051
34618153800
34608875678
34608875255
34636704104
34608886491
34636707587
34636704665
34608892592
34636728031
34608889108
34636715279
34608899824
34636710154
34608891373
34608889774
34618139543
34618150160
34636711968
34618140363
34618135760
34608889648
34608884667
34636705221
34618139761
34618127221
34618132370
34608881010
34636720125
34618140720
34608879312
34608902253
34636713933
34636729658
34636712006
34636720105
34618156079
34618140461
34636724769
34636729500
34608892824
34608896656
34618132686
34608877513
34618156453
34636728245
34636722204
34618156629
34636706108
34618133425
34618135468
34636717126
34618154689
34608883382
34636728090
34608896436
34608895955
34608894357
34608877751
34636725757
34636710787
34636715248
34608897969
34608898332
